19542
19703
11771
16150
18960
10695
11056
13660
12556
12766
17288
13492
11047
18410
12697
15911
19374
12674
19561
18997
10969
11950
10173
12957
17253
17683
13468
16677
18446
18301
18624
11897
13301
12532
18648
11728
11219
14721
17549
19514
10858
14170
14447
16309
10676
13273
19002
11103
10939
18971
15211
12758
15812
14100
19225
17771
14217
16351
10962
15157
11793
16931
15811
19170
11837
11346
11443
15688
16610
10699
11116
14522
12783
13615
17767
10406
10378
12289
16804
13355
10379
10646
13171
14600
17652
17995
19090
17711
12603
13334
16531
19928
11142
10565
11176
13634
15922
18723
17038
10532
18784
19113
19524
10642
13021
19665
11478
18987
10940
18901
14970
10719
16130
13926
17606
15310
12765
18905
15692
14284
11058
10059
15300
14144
15266
19926
15204
11147
11000
12539
14574
12918
17985
19599
14342
12469
16312
13795
14671
19336
11310
12571
14369
15791
16675
19696
10648
18989
19475
11088
19628
18582
10448
13139
12137
18130
10487
17017
10554
19748
